0.1666502
3.265399
0.162895
3.505686
1.018328
0.433907
1.969445
1.87354
1.321524
2.83618
2.915761
1.528977
0.8138611
0.693757
0.4774373
0.4210148
0.5617031
0.9972069
0.5265019
0.3034947
3.005086
0.07999123
0.8760429
1.029706
1.370815
1.866557
0.6026175
1.936988
1.715073
0.594076
1.263025
7.537513
0.5778248
0.6971734
1.554795
0.1988997
0.2693771
0.2629483
0.1219454
0.2685058
0.2707186
0.272591
0.1917164
3.802
3.973866
1.233845
0.5832628
2.957966
0.1380412
3.450451
1.773271
1.37918
0.3346768
0.5794739
5.341863
0.02878328
0.2981473
3.883917
0.4495375
1.614115
1.249037
1.897115
1.086402
0.05124145
4.809495
0.4195254
0.1499969
2.287348
2.427676
0.7268056
0.3796579
3.023313
1.556032
1.596718
0.03302546
1.158432
0.686175
0.4743137
0.3485705
0.9895901
0.05833006
0.242745
0.1737715
0.02951918
0.4042818
2.575475
0.9718963
0.5840811
1.080534
0.4444183
5.454055
0.2891961
0.3978383
3.144954
0.7448694
0.4375725
0.908351
0.1805886
4.552461
2.643093
2.504301
0.8700059
0.3979903
3.568707
1.481585
0.9823036
1.243311
0.9414656
0.008426834
0.01494422
1.206234
3.220497
0.4575226
0.9048337
0.1154522
1.943097
0.7229032
0.9588322
0.5818213
0.551631
0.3181234
4.258816
0.5881958
3.568346
0.968471
1.128579
0.90336
1.765438
0.6400714
0.2823934
0.7776488
1.609809
0.3901569
0.7246268
0.5972412
0.5736234
0.5452838
0.2598358
0.7071736
1.325012
0.7884119
0.2625258
1.099529
2.318498
1.309125
1.257699
0.6390255
1.151535
0.05991355
0.3181089
0.04783697
0.5017494
0.7662718
0.09501175
2.841368
1.883415
2.144785
0.855763
0.9892702
1.475675
1.013649
0.8285983
1.234275
0.1763183
1.368253
0.1947729
2.079859
3.282579
0.5348396
0.1196264
2.400266
0.1900279
1.995811
0.4627888
0.724453
0.2386904
3.173274
1.764056
0.00473312
1.132678
4.403275
3.236387
0.7887069
0.3141937
0.9920875
1.054375
2.387311
1.351479
0.9139995
0.1476545
1.391049
0.3295291
2.433638
0.2230002
0.2208356
2.099388
5.559568
1.467978
0.6237517
0.04577943
0.4661559
0.3511722
0.7515097
0.105994
2.847246
1.833388
1.801212
0.3246591
2.550061
2.436784
0.1933078
3.878476
0.472415
1.517525
1.392122
0.5303238
0.3948633
0.1302374
0.9087486
1.225672
3.625175
1.284927
0.4699568
2.783287
1.094137
0.6151487
1.479612
0.1042185
0.3274814
0.5160772
0.6428151
1.898708
2.041949
2.419313
0.1749138
0.02663597
0.7990806
1.047277
0.2913906
3.488075
0.4792819
1.127026
0.733717
1.077462
1.259266
0.1469296
0.5824638
0.7580109
0.8688359
0.5876001
1.708019
1.229105
0.8173562
1.454157
0.09954653
1.049048
1.03102
0.0196343
2.177858
0.7672437
0.4123476
0.8768585
2.659495
0.8330748
3.503887
1.967265
0.5515562
6.885939
0.1846996
0.5051219
0.2080155
0.2047825
0.290395
0.3481416
0.0009994692
0.08424253
1.888427
3.375845
1.338021
2.826057
2.642175
1.568043
0.4366937
4.402236
0.1175542
0.5714788
0.8701014
4.341055
0.08392445
0.9130728
0.1448436
3.254529
0.3342035
1.356411
0.0004683004
0.8390604
0.8759185
5.085744
0.8078586
0.9455823
0.2780451
0.6654263
0.2976473
1.043733
0.02062954
2.16255
0.6260061
0.985273
0.8071276
2.283922
0.2232987
0.7302778
0.3416988
0.1894196
0.3498509
0.8039841
0.0006464115
0.6899138
1.474068
2.10066
0.8347482
0.3856748
3.698026
0.8735025
0.07191039
0.5080672
0.08162955
1.63056
0.1155737
1.910885
1.453419
0.8440401
0.3686899
0.05300698
0.1503444
0.626176
3.09212
0.4944635
2.240051
0.1256633
0.07332505
0.4683241
4.194868
0.8246186
0.2895828
2.78536
0.9067742
0.9156924
0.01004694
0.0215211
1.125043
1.11468
1.818255
0.227816
1.740622
0.8064249
0.589284
2.539078
0.7454478
0.4199784
0.3156235
2.388053
0.1369333
1.188504
4.452145
0.5595329
2.775423
1.407359
0.4270017
0.02793792
0.8947799
3.19742
1.811436
1.191694
1.862246
1.125426
6.846309
1.900116
1.487197
0.9004629
0.3035075
0.4460287
0.9039419
0.883226
0.7657307
2.117474
0.01284963
0.6689159
2.772266
0.03950673
2.839611
0.1373606
3.018679
3.371068
0.3715134
1.360126
0.6549489
1.975054
1.295971
0.2258499
1.170042
1.035401
2.729452
1.93786
1.070375
0.5320346
0.1932591
0.5613729
2.13086
0.2819786
0.5013091
0.05894497
0.7647472
0.01416702
1.287961
0.6768918
1.425028
0.7461572
0.6072409
6.701744
2.625514
1.385889
0.6418513
0.3739412
0.1756805
2.709863
0.7640579
0.2555863
0.6407741
0.02265849
1.393972
0.0112309
3.35423
1.771001
3.531776
0.5011006
1.861652
1.73633
2.188835
0.8250452
0.2651541
2.765814
1.508868
0.9268102
5.723357
1.386412
0.6246008
3.399352
0.1952718
0.3740826
0.1934884
2.601338
0.4300664
0.6893141
0.6387235
1.068192
0.2037725
0.008578278
0.8039551
1.476878
1.921104
1.594435
1.591618
0.03299463
0.5296405
0.1441868
0.7726943
0.8091132
1.803169
1.972155
1.104968
0.5832491
0.0216601
0.1446701
2.561487
0.1372163
0.4499094
2.571712
4.326394
1.329525
0.6479982
0.1799235
0.7297962
0.4725226
0.3139181
0.3546593
1.332228
0.08172872
0.5939549
0.4653331
4.623876
0.1050915
1.873267
0.2262725
0.9323349
0.3133741
0.2991014
1.439571
1.461248
1.316999
